preprocessing 100 images and their captions.
loading annotations into memory...
Done (t=4.71s)
creating index...
index created!
loading annotations into memory...
Done (t=0.35s)
creating index...
index created!
Shape of input images: 
(100, 512, 512, 3)
captions in word id's: 
[[26, 0, 26, 26, 1, 26, 2, 26, 26], [3, 26, 4, 5, 26, 6, 7, 3, 26, 0, 26, 2, 3, 26, 8, 9, 3, 10], [3, 26, 4, 5, 26, 6, 7, 3, 26, 0, 26, 2, 3, 26, 8, 9, 3, 10], [3, 26, 4, 5, 26, 6, 7, 3, 26, 0, 26, 2, 3, 26, 8, 9, 3, 10], [3, 26, 4, 5, 26, 6, 7, 3, 26, 0, 26, 2, 3, 26, 8, 9, 3, 10], [3, 11, 12, 2, 26, 0, 3, 13, 1, 14, 26], [26, 26, 26, 26, 15, 26, 26, 26, 26, 14, 26], [3, 11, 16, 26, 2, 3, 26, 26, 26], [3, 17, 16, 15, 3, 26, 10, 26, 18, 26], [3, 26, 4, 26, 26, 7, 26, 26, 3, 26, 26], [26, 26, 2, 26, 26, 1, 18, 26], [3, 26, 0, 3, 11, 26, 2, 18, 26], [3, 26, 26, 3, 26, 26, 26, 26, 3, 11], [3, 26, 19, 11, 26, 2, 3, 20, 26], [3, 21, 22, 1, 3, 20, 4, 3, 11], [26, 11, 1, 3, 26, 12, 8, 9, 26, 26], [3, 17, 2, 3, 26, 26, 4, 26, 11, 26, 3, 26, 1, 18, 26], [3, 26, 26, 4, 26, 26, 18, 26, 7, 3, 26, 26, 2, 18, 26, 0, 18, 26, 4, 3, 11, 12, 1, 18, 26, 26], [3, 26, 11, 12, 26, 3, 26, 23, 8, 9, 3, 26, 0, 26, 26, 26, 18, 26], [5, 26, 6, 26, 2, 3, 26, 26, 26], [5, 26, 6, 26, 26, 26, 26, 2, 18, 26, 26, 26], [5, 6, 1, 3, 23, 26, 24, 18, 26], [5, 26, 26, 26, 26, 3, 11, 26], [3, 11, 16, 22, 2, 3, 26, 13], [3, 11, 1, 3, 26, 7, 26, 26, 26], [3, 25, 19, 7, 26, 11, 12, 8, 9, 3, 13], [3, 26, 26, 26, 19, 11, 26, 2, 18, 26], [3, 17, 26, 3, 11, 2, 3, 26, 1, 3, 26, 26], [3, 26, 11, 26, 26, 26, 24, 0, 3, 23, 26], [3, 11, 26, 26, 26, 24, 0, 3, 26, 1, 3, 26], [3, 26, 11, 26, 26, 1, 3, 26, 8, 9, 3, 26], [18, 26, 11, 16, 26, 24, 1, 18, 26], [18, 26, 26, 18, 11, 26, 26, 26, 1, 3, 26, 26], [5, 6, 26, 26, 26, 26, 26, 26, 26, 18, 26, 1, 18, 26], [3, 21, 22, 26, 3, 20, 26, 4, 3, 26, 7, 3, 11, 16, 26, 26], [3, 11, 12, 1, 18, 26, 26, 0, 3, 23], [5, 26, 26, 24, 0, 18, 23, 26], [3, 20, 26, 4, 26, 0, 6, 26, 3, 26], [3, 26, 26, 26, 0, 3, 26, 26, 26, 26, 11, 26, 24, 18, 26], [3, 26, 0, 6, 12, 1, 18, 26, 26, 0, 3, 23], [3, 11, 16, 26, 2, 26, 0, 3, 13], [3, 13, 26, 2, 3, 26, 8, 9, 3, 11], [3, 25, 26, 23, 4, 3, 25, 26, 11, 15, 1, 26], [3, 19, 11, 22, 26, 26, 1, 26], [3, 17, 16, 26, 26, 3, 26, 11], [3, 11, 26, 1, 3, 26, 26, 26, 3, 17, 2, 3, 10], [3, 17, 15, 3, 26, 26, 26, 18, 26], [3, 17, 26, 26, 3, 26, 4, 3, 11], [3, 26, 26, 26, 26, 3, 26, 1, 3, 26], [3, 11, 26, 26, 26, 26, 24, 0, 3, 26], [3, 26, 0, 26, 26, 2, 18, 26], [3, 11, 26, 2, 3, 23, 26, 26, 18, 26], [3, 11, 4, 26, 16, 1, 3, 13, 26, 23], [3, 26, 0, 5, 26, 12, 2, 3, 26], [26, 0, 6, 12, 2, 26, 26, 1, 26, 26, 0, 26, 26], [3, 13, 26, 2, 18, 26, 26, 26, 1, 18, 26], [3, 26, 11, 12, 26, 18, 20, 26], [3, 26, 0, 25, 6, 26, 1, 3, 26, 2, 3, 10], [3, 11, 22, 8, 9, 14, 26, 26, 7, 3, 21, 26, 14, 26], [3, 17, 15, 3, 10, 26, 3, 26, 26, 4, 3, 11], [3, 26, 0, 3, 26, 7, 26, 2, 26, 0, 3, 11], [3, 26, 19, 11, 12, 1, 3, 26], [3, 11, 26, 26, 12, 26, 3, 23], [18, 26, 15, 3, 13, 4, 3, 25, 11, 4, 26], [3, 26, 0, 26, 22, 26, 3, 26], [5, 19, 7, 26, 6, 1, 26, 0, 14, 26, 26, 1, 3, 26, 26], [3, 21, 16, 26, 3, 11, 1, 18, 26], [3, 25, 11, 16, 26, 26, 9, 3, 10, 26], [5, 26, 2, 3, 26, 26, 4, 3, 26, 26], [3, 19, 26, 4, 3, 26, 1, 26, 26, 12, 1, 3, 26, 26], [3, 26, 26, 4, 3, 11, 12, 1, 18, 26, 26], [3, 17, 26, 3, 11, 26, 26, 26, 26], [3, 26, 0, 3, 26, 21, 26, 26, 4, 3, 11], [3, 19, 7, 26, 11, 2, 3, 26, 26, 26, 8, 9, 26], [3, 11, 22, 2, 18, 26, 0, 3, 26, 23], [3, 17, 26, 26, 2, 3, 26, 9, 26, 26, 5, 6], [3, 26, 16, 12, 26, 26, 11, 2, 18, 26], [3, 21, 16, 15, 3, 10, 4, 26, 1, 26, 26], [3, 26, 21, 26, 26, 26, 3, 11, 26, 26, 26], [3, 17, 26, 3, 26, 26, 26, 26, 26, 5, 6, 26, 26, 26, 26], [3, 17, 22, 8, 9, 3, 20, 26, 26, 26], [3, 21, 26, 26, 1, 3, 26, 26, 9, 26, 26, 11], [3, 11, 16, 12, 1, 18, 26, 26, 0, 3, 23], [3, 17, 22, 8, 9, 3, 11, 2, 18, 26], [3, 17, 16, 26, 3, 26, 1, 3, 23, 4, 3, 25, 11], [3, 19, 11, 1, 3, 26, 26, 24, 0, 18, 26], [3, 26, 7, 26, 11, 26, 26, 26, 24, 3, 23, 26], [3, 11, 16, 26, 26, 26, 26, 26, 18, 26, 26], [26, 26, 26, 26, 26, 20, 26, 4, 5, 6], [26, 26, 26, 26, 26, 20, 26, 4, 5, 6], [3, 26, 26, 26, 26, 26, 26, 19, 26, 11], [26, 26, 15, 2, 3, 26, 26, 26, 26], [3, 17, 1, 3, 26, 26, 16, 26, 26, 11], [3, 11, 1, 3, 25, 26, 4, 14, 26, 26, 26], [3, 17, 1, 3, 19, 26, 26, 3, 11, 4, 26, 26, 1, 18, 26], [14, 26, 11, 26, 24, 18, 26, 0, 3, 23, 26, 26], [3, 26, 26, 26, 26, 26, 3, 11, 2, 3, 26, 4, 3, 26, 26, 26, 26], [3, 26, 11, 22, 2, 18, 20, 26, 26, 26], [3, 26, 2, 3, 26, 26, 26, 10, 4, 3, 26, 11], [3, 17, 26, 1, 3, 26, 26, 26, 3, 11]]
vocabulary constructed from the captions: 
{'of': 0, 'in': 1, 'on': 2, 'a': 3, 'with': 4, 'two': 5, 'dogs': 6, 'and': 7, 'next': 8, 'to': 9, 'bike': 10, 'dog': 11, 'sitting': 12, 'motorcycle': 13, 'an': 14, 'riding': 15, 'is': 16, 'man': 17, 'the': 18, 'black': 19, 'kitchen': 20, 'woman': 21, 'standing': 22, 'car': 23, 'out': 24, 'small': 25, 'UNK': 26}
